 #Particles:          100
 #T:    1000.0000000000000     
 #Cx:    1000.0000000000000     
 #Cy:    0.0000000000000000     
 #Cz:    0.0000000000000000     
 cx    cy    cz
 --------------
   1342.0283857010886      ,  -20.064262742569102      ,  -1085.1942145159210     
   562.40575660609284      ,  -951.84238968648697      ,  -104.93999305138340     
   1777.7307306672783      ,  -713.77460212151607      ,  -143.37753088588221     
   104.15522377644368      ,  -4.9781441887494076      ,  -567.39787930536659     
   1866.1571808543231      ,  -347.16638158077251      ,  -1040.1540018735718     
   896.68968278902400      ,  -760.24825784028417      ,   554.64851694285414     
   1138.5471490895845      ,  -1095.0381233976120      ,  -398.61479970055387     
   1015.0549748568386      ,  -81.821381623256556      ,  -476.61342275799535     
   817.13473101434170      ,  -13.106380811635994      ,   13.534502598526762     
   538.87402733705210      ,   249.02700460033375      ,   159.89207056463255     
   1550.8574910982798      ,   115.32204270913175      ,   386.70356468666677     
   976.18791174677563      ,  -77.376413722927211      ,  -41.673916383960425     
   1140.3627486575081      ,  -46.965076356582486      ,  -499.28765728042220     
   1277.2257994590777      ,   460.04931255906286      ,  -764.62206212694457     
   734.83153510785928      ,  -469.92074387607278      ,   246.96730715075077     
   795.22896948304628      ,  -11.605371008898615      ,   392.53364488308000     
   364.34283198458797      ,   416.77382247889864      ,  -247.75647776009171     
   1570.6318971613860      ,   74.246107625346468      ,  -225.71191104015409     
   783.61513341357602      ,  -744.78482788613962      ,  -374.56657120934062     
   1164.0569600949082      ,   15.495610449565687      ,  -150.65265544502503     
   1217.2363136857584      ,   37.500398854452229      ,  -201.22681188037768     
   1125.7335547653192      ,  -160.26060662748361      ,  -218.50016449944309     
   242.00239410071026      ,  -156.58367561439786      ,  -182.28655934124208     
   985.02696646943355      ,   95.277823059948659      ,   820.49617989938884     
   1766.6572515243588      ,  -511.57077089874946      ,  -298.15495139306319     
   677.43315448322755      ,  -225.92749631009187      ,   409.45462971487649     
   1064.2067078369546      ,   335.10278030751664      ,   301.73005102288158     
   647.78351077418233      ,   623.38490191792891      ,  -182.95159303269728     
   1462.7639620123475      ,   296.51084333186907      ,   95.571967016779610     
   800.77942912531432      ,  -47.345277222240661      ,   244.94540224159729     
   470.61743155298041      ,  -81.446410013043064      ,  -360.74944441693441     
   1259.6168354624240      ,   478.78739015282395      ,  -525.85099531968581     
   681.21011452594939      ,  -170.69401441456472      ,  -514.13355980041536     
   451.57697651601507      ,  -667.88063473714828      ,   293.82281766894812     
   327.16983997081888      ,  -181.90303945819619      ,  -497.89890255853749     
   1716.1611460432823      ,   36.764997405314979      ,  -330.95036617546248     
   1754.1315484703323      ,  -631.51873474567356      ,   25.037927272844893     
   1610.0369491244342      ,  -583.07675057641688      ,   1087.0071500852930     
   1495.7842436620167      ,  -785.62639217960998      ,  -223.29363268521368     
   520.05713579810924      ,  -76.755395298520511      ,   363.28149795137267     
   1563.2974210430939      ,  -331.61782526655639      ,  -305.28102614946050     
   911.72523793228140      ,  -462.07841466065241      ,  -247.48093070961298     
   857.31214363517893      ,  -467.38374819025324      ,   279.18503450021285     
   980.94786620913351      ,   765.44573632297841      ,  -445.87141218278697     
   1237.0614042877821      ,   42.903140293376161      ,  -180.56911880744107     
   1122.4562750216069      ,   33.248472452211907      ,   767.21421572175950     
   320.36476570680702      ,   118.76367631280040      ,  -123.03529517909554     
   1182.5925404567229      ,  -19.066815112640398      ,   1147.8564910996961     
   62.140556280517785      ,  -174.67084395752005      ,   396.43929510948993     
   749.44624249644710      ,   294.08724472726732      ,   569.36063468194482     
   1220.2844779597003      ,   453.91197978723841      ,  -105.13758369332221     
   1239.1080789000996      ,   602.47042793446496      ,  -294.68833181369394     
   27.603133899587874      ,   408.28254500096540      ,   661.64879057436610     
   1339.1594911434777      ,   184.07017316030797      ,  -216.29476944139546     
   374.83175478669375      ,  -185.39960650564657      ,  -347.29981016842225     
   928.88067873631917      ,   440.92898448573408      ,   340.82471342753297     
   1609.4691825895516      ,   438.40274241719072      ,  -640.68159212336650     
   896.57460665290012      ,  -187.43680774204608      ,  -363.35381575339795     
   550.54758122028750      ,   169.81925306977271      ,   650.69017162701357     
   959.99372624039961      ,  -19.816869043369014      ,   565.61160590054374     
   1654.6082040824358      ,   99.922098059531820      ,  -639.15372723793507     
   1233.5477266371117      ,   587.73650862615989      ,   73.132044823878758     
   1763.0698088314552      ,   637.38383310882671      ,  -476.92990148694315     
   1391.9763236706590      ,   227.21980704728261      ,  -485.68272550248366     
   1708.7126221781464      ,  -32.518928639827742      ,  -97.771492399917477     
   1002.0330895300975      ,   467.43742394514521      ,   165.77062974211194     
   726.78597205728420      ,   89.193744522708826      ,  -471.74703495952997     
   93.323282291055989      ,   281.19015242274145      ,   784.32653634054952     
   442.31279438492425      ,  -250.34199358515579      ,   612.08158786393540     
   501.60765519436671      ,  -30.937716462974478      ,   270.77336874073058     
   591.22926550151374      ,   674.21481611041293      ,   57.694168457492765     
   928.84464976333834      ,  -215.18596788288374      ,  -795.54958876710896     
   681.66692450539972      ,   3.8487819524556630      ,   74.030459321598045     
   806.34940736281624      ,  -978.95628651766549      ,  -29.327327698592367     
   778.51539556788305      ,  -503.87200548355167      ,   3.1701856521064320     
   1237.2749503223286      ,   375.85417872583940      ,   184.50403977502825     
   1602.7447141145772      ,  -164.94706552136626      ,  -119.91005872186730     
   892.71784721626489      ,  -127.06582975811389      ,  -955.23205296537094     
   876.22674957827530      ,   538.51427110782276      ,   150.56480370536389     
   904.83525762129852      ,  -200.84475104673970      ,  -388.18826235183337     
   656.64936225284055      ,  -171.40691047641579      ,   345.60868824269306     
   1211.0584896109638      ,   137.11777055514062      ,   493.07224363263794     
   650.76694047119236      ,   127.66673653288127      ,   98.640389512705369     
   468.66557400833301      ,   411.92432182575800      ,   615.79414490609327     
   540.19149071911625      ,  -205.54719276775333      ,   63.592335730677419     
   1232.6640085704469      ,   188.34748260137911      ,   26.854049315925149     
   851.01228516959372      ,  -416.74529364875781      ,   245.09920963519812     
   857.79516708838241      ,  -540.88368090292101      ,   558.11397509907124     
   544.93971736967092      ,   418.46554571968028      ,   310.64950872724376     
   1147.0751739136956      ,  -257.22370088806554      ,  -604.42940430779890     
   790.93025275783100      ,   525.76513253800999      ,   240.55024203625334     
   1686.6102510945379      ,  -115.04407716076966      ,  -207.10847523536677     
   1942.6646906817575      ,  -444.14042748124206      ,   344.51769377432475     
   1000.7317089847090      ,  -280.91936253822718      ,  -208.02166902225352     
   97.809570116934310      ,   746.36556729987956      ,   16.779867295746232     
   935.33353531904731      ,  -55.048205187412208      ,   152.88606870282743     
   928.39537152358537      ,  -40.644447909388823      ,  -658.96456763682818     
   1488.4574094767381      ,  -293.06886416766457      ,  -358.82561005900669     
   252.78879850303747      ,   200.23859881416527      ,   323.20924871118598     
   1205.9601464955617      ,  -1074.5102365009782      ,   132.84567321078765     
