 #Particles:          100
 #T:    100.00000000000000     
 #Cx:    100.00000000000000     
 #Cy:    0.0000000000000000     
 #Cz:    0.0000000000000000     
 cx    cy    cz
 --------------
   60.372353202025742      ,   342.93428709596867      ,   129.02243094721777     
   82.642467389964523      ,   108.30153091019042      ,  -46.062227442204545     
  -59.992931976255619      ,  -180.60256868496222      ,   26.780844889763049     
   43.536817471020370      ,  -157.74885661567151      ,  -1.3408931529104264     
   35.912208352963120      ,  -93.554149438619774      ,  -133.51612058263763     
   464.43379870951901      ,   285.38862477946861      ,  -102.95622911227713     
   31.302751154749814      ,   242.28132178063865      ,  -21.614218036305211     
   495.50622137398261      ,  -346.58721069257001      ,   2.3027850800944392     
  -63.741387227885696      ,  -237.33067841725071      ,  -86.156610683416517     
   92.355946586302593      ,  -66.051346291109880      ,   149.62988920400664     
   255.70821380661388      ,   332.88904982770890      ,   153.41255473571144     
   276.61870652310722      ,  -60.641802591287210      ,  -149.54840707262565     
   15.719127499868478      ,  -158.19720623609612      ,   184.33536966003078     
   189.39160516023864      ,  -328.00735841629142      ,   8.7903584630664700     
   224.85565270392414      ,   139.35209147383330      ,   48.891970180072072     
   32.283588696066232      ,  -68.464819182752677      ,   69.349040364704251     
  -139.26797887921830      ,   79.036831941561658      ,   93.099740069555054     
   53.802925094425284      ,   360.77040474778192      ,   110.15936678633966     
   7.4937891134783143      ,   56.490927503545947      ,   54.757206081637825     
  -124.20021083308447      ,   76.990199467252580      ,   259.56122332508829     
   244.71445087596732      ,   132.82786039987647      ,  -135.14838327573048     
   323.71352359659511      ,   140.49182512380148      ,   135.22335178900590     
   68.006533114135266      ,  -213.91975309300591      ,   126.35073017950768     
   252.43144437240230      ,   84.863137938228988      ,   92.005269841802090     
  -123.24054290107310      ,   50.585469106041735      ,   189.08233747005985     
   195.70196233447692      ,  -262.10632009117023      ,  -107.31091447693511     
   510.36987008902190      ,   54.501384534172274      ,  -15.194314089931261     
   305.87147870501678      ,   66.693320367538206      ,   276.55142821141118     
   235.43812730600445      ,  -10.073130573399316      ,  -112.54293749870524     
   208.75703055786130      ,   220.35921805727511      ,   21.308810439213563     
  -199.36859712211890      ,  -201.72078492837329      ,   211.74529004858564     
   101.26382445676668      ,   1.6501201261628393      ,  -46.521645967130667     
   128.13710984095056      ,   129.99767184477392      ,  -200.33165636804699     
   267.11488091242796      ,  -83.423159201537715      ,  -199.38209693290381     
   302.96698315330701      ,   350.24784085055217      ,   81.599267111237623     
  -117.03995282840930      ,  -70.887304634545004      ,   40.839105263325727     
  -56.319614494082003      ,   111.90782002864931      ,   292.86280371404223     
  -43.635408133938114      ,  -41.542434267089220      ,   96.431588412113996     
   220.26947759236830      ,  -119.77993223590417      ,   160.14636117100116     
   11.008584269505462      ,  -20.856671037688834      ,   168.53135117003893     
   44.534098505836127      ,   58.444944521214694      ,  -88.913352700879130     
  -9.3399914998457234E-002 ,  -98.495039404825022      ,   3.1529578898959225     
   42.994242785784188      ,  -37.345727703718055      ,  -27.144162598221442     
   211.57765885394991      ,  -115.19500903659203      ,   203.30002582999572     
   100.87605088160969      ,   253.52599472995112      ,   27.662455686248705     
   162.88080738564955      ,  -76.937097027134200      ,  -195.24309559432945     
   363.42645416927229      ,  -21.271304350292496      ,  -63.419313506524027     
  -116.73918010385017      ,   226.90918656378258      ,  -90.652662344811631     
   32.920934394507071      ,  -46.803950783895758      ,   43.402353874150798     
  -155.97274274648998      ,  -137.44752540529248      ,  -83.874306342600065     
   99.837748264430246      ,   77.378146545215344      ,  -212.03303256294214     
   348.38394602154534      ,   128.01625734978214      ,   42.559952575095174     
  -69.262350692046823      ,  -143.82774159555029      ,   66.612099630045918     
   207.29198682172841      ,   90.643729319899933      ,   126.83824763204495     
  -54.927929451883756      ,  -32.279637735890034      , -0.70695889056762329     
   180.79240728752143      ,  -263.98784989104843      ,   7.1791653478399589     
   83.511788640376977      ,  -270.71055424631987      ,   296.74096871102034     
   235.07197495340625      ,  -91.889243140553418      ,  -152.86217188739252     
  -183.84338770376860      ,   321.31741357768203      ,   65.706305865703683     
   204.55667632794280      ,   305.90345194008938      ,  -91.394152325189324     
   174.17869582715332      ,  0.42906833581304854      ,  -132.07597251408572     
  -86.669830776033621      ,  -26.078342715038119      ,   57.703432091552251     
   241.02985907563914      ,   310.71463192602278      ,  -99.136285767554369     
  -8.1387085066950107      ,  -13.569783718486383      ,   34.612649679678313     
   189.49545051052709      ,   38.426885695140619      ,  -260.78134660678109     
   57.412834366768493      ,  -156.70946202479175      ,  -114.47618719459001     
   277.47115391057525      ,  -64.269829284116454      ,   34.548962510025504     
   93.222667936155375      ,   110.84568933573595      ,  -13.490659821782733     
   238.94123212945331      ,  -28.745780749949709      ,   28.802544350758676     
   79.723780508655565      ,  -58.270600211003902      ,   259.28608431617977     
   59.756788099769011      ,  -361.18629083332490      ,   89.103661092377351     
   21.701103927052401      ,   15.891901154227190      ,   230.05734718840233     
   163.25265161606285      ,   87.500570960247572      ,  -10.874992015416609     
   422.39088737040265      ,   4.7665289772800632      ,  -302.47783086012970     
   114.01902909585812      ,  -147.60746788486290      ,   200.66528687746367     
   276.78940153506164      ,  -43.674070648564225      ,   52.677828185861266     
  -33.289919189282102      ,   167.43719180324408      ,   189.27556865494145     
  -134.54392583358134      ,  -66.312837654741131      ,  -99.143109303653432     
   78.012124157264267      ,  -37.356932569374905      ,   161.96946814623550     
   128.12128795441038      ,  -134.51695650997257      ,   117.75809539142347     
   139.37167951880386      ,   73.061845223196727      ,   7.1955026386196594E-002
   172.14608314778900      ,   24.654877891925640      ,  -332.47550276819538     
   146.25521891234033      ,  -11.293606148772746      ,   257.94897395864984     
   85.221446414395814      ,  -250.83931478070198      ,  -7.4765456191691380     
   294.53919199029156      ,   30.234175392970442      ,   61.131637561349137     
  -54.121496916209594      ,   161.78778826177836      ,  -16.463993917923151     
   91.737198153449739      ,   396.57894368812396      ,  -5.7159169163520245     
   114.07038414267257      ,   137.99221965091343      ,  -55.561150649223293     
   294.69891240701349      ,  -98.489765210264963      ,   143.07250449467969     
   149.58266606750712      ,  -33.876402178915718      ,  -185.38117180818941     
   125.50747403402373      ,   57.415082377202580      ,  -157.27300974641491     
   282.56718971239388      ,  -127.79561844018184      ,  -183.87126481006820     
   326.63739862402269      ,  -139.49036908039008      ,  -21.726498758261798     
  -69.880874213280322      ,   146.61831120083735      ,   95.540731703567332     
   107.80904763876127      ,  -124.46970692267575      ,   114.01693431729582     
   92.096688544233857      ,  -90.992682838122548      ,  -1.1502667952486485     
   123.25680627715413      ,  -9.8805882171759212      ,  -145.54221182908435     
   60.330258949758509      ,   175.21202868408517      ,   236.76146468159627     
  -77.995125966712806      ,  -136.28152658134940      ,  -10.896421775740066     
   46.185980189617936      ,   261.17296800930512      ,   143.68744841784780     
