 #Particles:          100
 #T:    1000.0000000000000     
 #Cx:    100.00000000000000     
 #Cy:    0.0000000000000000     
 #Cz:    0.0000000000000000     
 cx    cy    cz
 --------------
   31.141231511708938      ,  -425.85611184434885      ,   543.61667332292473     
   85.585508181059978      ,  -20.685374102859395      ,   335.81404243970957     
   543.69503920618195      ,  -413.04242638596526      ,   777.17549571371046     
   221.47390282690861      ,  -714.11994584984484      ,   702.18224382150981     
   929.32768035925130      ,  -301.85332362838398      ,   377.58905504824349     
   370.15196892611965      ,  -421.42709450356301      ,  -426.45999849520388     
   371.49327267406682      ,   513.97405988444052      ,  -116.82986677218177     
   534.43813781664767      ,   159.67582910594166      ,  -519.33866540913402     
   126.36485517173091      ,   373.45454685388938      ,   462.09647812551538     
  -297.69264632377821      ,  -444.44589409223664      ,  -385.97042618559215     
   402.55747361974915      ,   581.35856018924528      ,   325.41967546803340     
  -636.06636346507094      ,   225.25408329512280      ,   131.21213509587358     
   174.68105806398970      ,  -483.98698000538559      ,  -473.69137222243387     
  -120.80359814773692      ,   555.24382952768883      ,  -521.14778111131204     
   126.64634152569757      ,  -433.40982727058866      ,  -228.82236774327356     
  -305.56393704055182      ,   43.018312456577803      ,   147.56188470264021     
  -492.06076295250284      ,  -194.17589435107541      ,   123.07691798344491     
   390.40755965382590      ,   859.31418288267650      ,  -341.40253687456539     
   679.53299140926140      ,  -179.33883408930970      ,   162.13197424488015     
  -192.11373884153261      ,   714.97565715063217      ,  -584.10332056611503     
   638.14599842495090      ,  -439.40109358392010      ,   917.18687254805354     
   89.704733458797818      ,  -48.166234873243113      ,  -14.506010824796387     
  -321.97090973642565      ,   506.34116947065729      ,   586.04421511384464     
   661.42083518184552      ,  -133.97783072473442      ,  -712.85860522912719     
   365.62579024002929      ,  -334.72410605996595      ,   494.90881416759993     
  -536.89361521000058      ,  -606.79047035691042      ,  -550.37305377829239     
  -74.453045877548874      ,   153.41070508700324      ,   464.21257633288411     
   561.66726482186573      ,   120.99628741253774      ,   612.44405181600575     
   331.06369078140779      ,  -450.43772860473973      ,   304.84984711610304     
  -262.50373801619048      ,   411.85177053900372      ,   222.22377445492134     
   452.72079306580235      ,  -136.93640184207996      ,  -1200.7615711062745     
  -1466.7510135563039      ,  -638.69878550454166      ,   297.24635198740179     
  -140.22951860623652      ,  -249.11865684045296      ,   440.82499681250431     
   883.29973256454400      ,  -58.729248328561951      ,  -303.48249065642523     
   636.15616804060960      ,   80.569291347772051      ,   447.24019390937832     
  -53.910588397499936      ,   443.67905295331991      ,   330.95517747583665     
   761.19960791954770      ,   251.10379070166613      ,   591.18875739599741     
   190.70798125587692      ,   952.74799222186630      ,  -83.596460041332321     
  -417.67842557137078      ,  -753.06403544032639      ,  -51.831290915001219     
  -18.923481862649112      ,   477.61859988006682      ,   356.86194769182350     
   397.47652208937814      ,   289.91989860428657      ,   316.91703768344667     
   542.39373975430885      ,  -262.13466275572267      ,   308.38886927405275     
  -997.97966167592176      ,   242.44747537766207      ,   70.219329387243576     
   476.12839630099705      ,  -1086.7948497068269      ,  -119.87543435898192     
  -132.16418823311571      ,  -40.155321084286761      ,  -417.15300638270196     
  -55.012067087398407      ,   601.04541864065175      ,   745.48522343367483     
  -42.486129990118854      ,  -512.85077676036690      ,   8.5971348792893529     
   1382.5708100612640      ,   271.14423170715816      ,  -47.134296590739112     
  -629.41645823297154      ,  -500.59975973151779      ,   201.17145754057063     
   64.691323308900195      ,   63.002843750212996      ,   382.52654942595109     
   1369.8814995450309      ,   846.13733409359077      ,   311.19680869964026     
   823.31769654508344      ,   237.11615630723452      ,  -16.151278802476018     
  -214.59581610605886      ,   422.60024683576904      ,   9.6315366951321835     
   95.317340398793675      ,  -273.44144150456191      ,   10.827265431366447     
   322.89260517214939      ,   443.09459158489858      ,  -751.25181960702866     
   278.47772680692179      ,   387.67695753193897      ,  -575.93065402037917     
   149.39326425045255      ,  -407.92361682214721      ,   750.37253236693630     
  -541.19363129822034      ,  -170.71112405735326      ,   716.03529293772272     
  -438.36393960251792      ,   47.754495037649185      ,  -264.49854387926104     
   175.56911090719262      ,  -520.00889516046516      ,   436.35944547984940     
   590.07338912280534      ,  -310.80240122801325      ,  -480.07222522425263     
  -41.674826793876917      ,   480.02120985093194      ,  -406.30675881031084     
  -465.03988018341420      ,  -759.23328192866836      ,   815.61204995816945     
  -583.82954165658509      ,  -518.85432190437689      ,   698.08361191156030     
   1343.5517812087010      ,   286.10102575845116      ,  -403.26684087689722     
   413.20639068314506      ,  -710.61911885126187      ,   48.422378336464043     
  -80.846275740500801      ,  -95.383564831623104      ,   305.60230373918751     
   56.750838840332584      ,  -423.46481873084525      ,   120.12488559211771     
  -238.14785419424294      ,  -255.35427320074061      ,  -235.73754217779066     
   484.52074533013729      ,   434.27480942202340      ,   514.82816279583528     
  -111.23507548212683      ,   477.82751291484715      ,   1005.6404729936960     
   260.48637335076000      ,   15.309467537661826      ,  -202.34345435951369     
   383.90572748424864      ,   57.797020750410937      ,   12.458724464377131     
   54.066286334600413      ,  -809.20638965293074      ,  -342.76117591215069     
   474.58019215396342      ,   443.81004224735301      ,  -339.02700987686040     
   1089.6743931556450      ,   883.56823093387118      ,  -484.45009007171626     
  -8.3673582262140371      ,   36.515484204689194      ,   644.22924245089996     
  -195.06773537524703      ,   551.81609890935374      ,   166.95937737441335     
   42.727767090130449      ,  -729.83414732991946      ,  -506.28092712753408     
  -334.49403986585236      ,   253.34676238881664      ,  -301.32348465001394     
   142.01949419329819      ,  -290.49128443231513      ,   739.99359967066323     
  -30.298567047258672      ,  -825.62703455168639      ,   217.94862022942675     
   788.41858465081293      ,  -504.21927480333687      ,   656.63685413195481     
   502.83561942640637      ,   615.42435515788497      ,  -451.55519976829555     
   454.65635494396918      ,  -679.72598029932840      ,  -380.25248609171706     
   440.91055057560936      ,  -103.87850858084929      ,   508.89222790899879     
   375.21768104966765      ,  -530.22392216838455      ,  -424.55628911853904     
  -557.01097148395456      ,   101.03650267300861      ,   326.93320312899317     
  -672.30341597232268      ,  -1100.5133027282448      ,  -134.98343768960743     
   342.08583249247204      ,   1623.4003910984554      ,   325.22409033418859     
  0.69195380421308528      ,   353.44214165404992      ,   451.05389454380673     
  -69.200284347884519      ,  -216.65090617613549      ,   6.1566032389145438     
  -356.53073555725013      ,   133.76881345926643      ,   7.1074879963056361     
   37.041489886138294      ,  -335.53244410133289      ,  -91.614800104293849     
   356.23665044310542      ,  -189.37463263218297      ,  -949.55707024229002     
  -549.07916080773884      ,  -52.769900059257608      ,  -413.14641761057078     
  -406.14697446995467      ,  -57.321003012615286      ,  -80.201454142882127     
   129.44273385557818      ,   151.11652431950884      ,   468.13028579304461     
   673.87033561224439      ,   463.76997204179503      ,  -536.82361407701262     
  -93.269347022020582      ,   96.231672059762289      ,   309.24534203577468     
