 #Particles:          100
 #T:    100.00000000000000     
 #Cx:    1000.0000000000000     
 #Cy:    0.0000000000000000     
 #Cz:    0.0000000000000000     
 cx    cy    cz
 --------------
   1143.1170865511924      ,  -317.24403707858716      ,   255.47774482773158     
   1111.5512024726183      ,   114.10675211338123      ,  -3.3158508075464037     
   1157.3451208574456      ,  -266.17724641919034      ,   293.92267183477645     
   833.35560973905899      ,   63.789476564852890      ,  -110.17534393243901     
   1026.8003853676203      ,   32.131235212162700      ,  -80.630719591502654     
   971.74382171436548      ,  -18.385736480092042      ,   157.37078349901819     
   1122.3689993278458      ,  -36.803137250485271      ,   169.99874036673896     
   947.61014091146558      ,  -131.85245109460413      ,   140.80524292789167     
   1196.1060785170728      ,  -38.685138669793290      ,  -178.50901216460738     
   1076.4940679339552      ,  -117.11158100201735      ,  -314.70978332284244     
   844.73815557521061      ,  -64.555753214214974      ,   41.620766729373202     
   955.66967262792764      ,   183.86745910689476      ,  -74.522868708781758     
   1023.3767640124229      ,  -56.215559172391345      ,  -32.570432152685306     
   679.91680600713028      ,  -67.490433974198368      ,   141.97106088231473     
   913.81608616333858      ,  -388.10211672902818      ,   223.33980759289216     
   1081.2345507793934      ,  -225.73308617182951      ,  -54.503387739841600     
   898.83752619614711      ,   254.52687151811176      ,   72.314220020118867     
   1040.8260425151211      ,   101.53239182666270      ,  -97.138882950919552     
   1178.5686849115227      ,  -79.755455471074995      ,  -185.67371819276292     
   1141.2116402539282      ,  -135.79113909446423      ,   44.962009855395301     
   1039.2008130404695      ,  -148.25509469995146      ,   168.10100280389179     
   800.97795579062426      ,  -92.353927547229986      ,   58.568880039471630     
   864.56029895633765      ,  -117.08477393615597      ,  -72.443920589156377     
   1137.7206264070228      ,  -120.68111002902198      ,   257.80555726847280     
   997.84746106111379      ,  -102.23767080613879      ,  -144.39716695369481     
   853.21896851130361      ,  -125.59417857583728      ,  -59.649059159028916     
   969.50747399194961      ,   61.393494480162431      ,  -71.810668192420664     
   1183.6367991350630      ,   39.716910361928782      ,  -31.066138896822789     
   1213.4451313565103      ,  -11.765940705572248      ,   224.85084001785049     
   874.65445681093888      ,  -94.491526493717913      ,  -75.021926153264161     
   950.54384139724209      ,   17.936449390362611      ,  -48.164800836244957     
   1088.6145447035071      ,  -43.027240074902942      ,   56.926039686311910     
   938.74509874192665      ,   51.940316627289974      ,   58.355095306239917     
   1029.2651907711777      ,  -80.081281604531966      ,   160.98535295785678     
   1057.4337036769443      ,  -237.41822887905610      ,   87.572326920841718     
   1154.1473547322880      ,   58.708517964185994      ,  -107.00530172383425     
   873.85349910595244      ,  -19.321762785407074      ,   149.89132622659241     
   924.77161085139164      ,   106.10491512029400      ,  -6.9093536746292852     
   1001.5727748523472      ,  -178.82802545255521      ,   6.0430012613510105     
   777.01845300807963      ,  -17.268439361851318      ,   216.85740196333538     
   806.89448840767545      ,  -82.878323780077324      ,  -188.45440260687533     
   960.49437162298500      ,   227.25759285077203      ,   5.9594880696286978     
   1080.8240317465024      ,   54.608338158231923      ,   130.01338829446084     
   1087.0269247012670      ,  -27.068475520515101      ,   70.888813610831249     
   1207.2313738493301      ,  -49.825176815135492      ,  -81.792966974729353     
   788.27031011507620      ,   89.228474008247858      ,  -2.2395799372217189     
   1075.9684465435612      ,   115.72255706838050      ,  -74.559688610056327     
   929.93961281221141      ,   264.66456003401697      ,  -32.454905988146471     
   935.66591556071955      ,  -377.31719224627147      ,  -221.39324751740097     
   886.09848785941358      ,  -204.88373779545680      ,  -132.12930419237063     
   1092.1696926743232      ,   173.66114939050979      ,   91.288691964885359     
   1093.9846461804939      ,  -111.58739038373749      ,  -272.70020890122163     
   919.58724049267312      ,   453.84278483733686      ,  -101.98948328216703     
   810.84159904446756      ,   89.685185856202892      ,   56.502332468584335     
   1133.3508048604199      ,  -227.12851173272577      ,  -174.93607682561813     
   1136.4061863146671      ,   43.709405149681707      ,  -69.212162616847280     
   931.29196609738312      ,   34.941286091939190      ,  -12.587355588922710     
   810.52271886731887      ,   49.108905084807176      ,   32.227440673748632     
   1102.2251458840728      ,  -218.54203604109193      ,   71.606082743262078     
   1030.5838539078943      ,   97.718880109996363      ,  -94.092607023432763     
   1228.4384554933968      ,  -125.92335639160453      ,  -63.300197662699482     
   937.29622910646219      ,  -146.02031870032559      ,  -155.80427421198951     
   1061.2701817573757      ,   31.548580813285334      ,   157.57388746492256     
   1185.5844469933245      ,   25.388938875678054      ,  -100.87292911011141     
   911.02062912904375      ,   102.85847456386779      ,   259.15062638455402     
   984.73256903040033      ,  -111.82343606833237      ,  -103.92232638061814     
   939.52474964244652      ,  -67.660254435312339      ,  -232.27184898196788     
   700.69366173474418      ,  -30.120999245996536      ,  -89.045178064159572     
   1026.3395111987106      ,  -503.33959343329616      ,  -47.976929637060870     
   1163.4279962111291      ,   20.291507984322415      ,  -11.590710792633514     
   966.58426597355594      ,  -24.952283267679057      ,  -123.97720330936598     
   1043.5902773089222      ,  -147.82916567090092      ,  -65.718809971078386     
   881.38676181531469      ,  -20.463099124880252      ,   84.068392505443910     
   863.72996095680071      ,   77.581574440037116      ,   186.57929333344106     
   1029.6863857428168      ,   140.51932266505804      ,   187.96580195494425     
   971.67115352719304      ,  -58.295372152345671      ,   235.09770671729754     
   848.77621156778389      ,   69.080359289347257      ,  -96.900243655740013     
   1094.2679277499965      ,   154.47351764504467      ,  -167.30293413120148     
   989.85721843677118      ,  -122.98713407608470      ,   56.013270230991054     
   974.41942852048408      ,  -75.021345749550576      ,   216.37264695028921     
   1104.7528404629647      ,   198.37911081486374      ,   208.49414740314592     
   951.46209166710344      ,   167.81621426537399      ,   5.7572677159647982     
   869.07844460264926      ,   19.681294849289756      ,  -120.57357109086759     
   459.84017363555472      ,   19.290934234611075      ,  -52.451755460106568     
   758.00026144656977      ,  -174.93680872842717      ,   161.52932402833974     
   1104.4163398301177      ,  -213.21553656844210      ,  -61.813064812011625     
   1079.5481795830340      ,  -282.97470624789656      ,  -149.45443968850412     
   896.47387845035212      ,   127.80029581446037      ,   14.204951496144574     
   800.77834906110991      ,  -23.537118259667217      ,   21.130404206946150     
   1136.6364009817507      ,   8.4619442401465950      ,  -114.78497132726136     
   1211.4873670619263      ,  -46.459895642374569      ,  -194.26464357666487     
   989.43266021651709      ,   62.823335881481867      ,  -233.91483783627703     
   1188.2127424245923      ,   167.17658894804111      ,   2.5410185464419945     
   817.19150165583039      ,  -42.412970954855830      ,   236.01030512381104     
   1098.9277168945976      ,   97.614229708367972      ,  -41.589758924213385     
   1273.9878470008368      ,  -49.145267134982639      ,   190.38913128738548     
   1111.5969099004719      ,   28.052195567642865      ,   157.54397915798006     
   1133.3113220398254      ,   37.547167120906273      ,  -47.528480911737027     
   1058.4449560892415      ,   66.727693317400451      ,  -63.338549560073126     
   929.29718522848100      ,   49.333179909028125      ,   52.522334839228044     
