 #Particles:          100
 #T:    100.00000000000000     
 #Cx:    1000.0000000000000     
 #Cy:    0.0000000000000000     
 #Cz:    0.0000000000000000     
 cx    cy    cz
 --------------
   936.85341113798324      ,   29.894733559628008      ,   379.96945741280877     
   912.16418183777250      ,   26.318493262610328      ,  -53.094727315012705     
   833.17837179595631      ,   74.052507369620045      ,   140.84708777291334     
   984.47984140121673      ,   83.695971734176268      ,   190.94524688432537     
   887.66193696116488      ,   182.22824158207180      ,  -56.474511013178130     
   742.28972916623707      ,   53.573865310511160      ,   284.31794969958912     
   1137.8457565818007      ,  -59.548019858171415      , -0.84159289048573760     
   815.91747749188573      ,  -79.447288427229878      ,   45.603281798102891     
   944.13332443356660      ,   110.14081540922334      ,   146.81314140763419     
   1231.6426932385550      ,  -190.22241375509483      ,  -238.43710088257524     
   1309.4778042672215      ,  -92.657627639274551      ,   51.203299375131898     
   1088.2758989494655      ,   152.38985172179210      ,  -173.78245633706547     
   1151.2729539157406      ,  -27.032735293464278      ,  -69.812222531406434     
   1051.3192351106554      ,  -303.41680377394584      ,  -10.718489717914760     
   857.43947563106872      ,  -69.510899998211826      ,   133.95089876021365     
   845.64310246207287      ,  -18.071616537410904      ,   348.83150661379727     
   1216.0052754026997      ,  -12.037306499625679      ,   120.52067105053135     
   1097.5966344770638      ,  -17.976240927384833      ,  -4.1783300109064667     
   874.53659690376355      ,  0.48700714333499451      ,  -80.295405793396014     
   1090.5003467224763      ,  -80.761480662177931      ,   116.62399227180406     
   1172.7617958220292      ,   186.05022031813218      ,   41.576483301362295     
   983.36249775236695      ,   31.927551021667277      ,   55.947063934293055     
   873.22281567682103      ,  -63.914088776103839      ,  -216.77420751056675     
   1005.3662687749013      ,  -58.227780383758372      ,   98.926764217556709     
   922.15483390196528      ,   286.43995854165399      ,   92.831525591631220     
   1075.0592083661440      ,  -5.9720635940376985      ,  -243.75081508674276     
   961.88260419413257      ,  -231.93231206964919      ,   167.15914194277411     
   1037.1511686783408      ,  -14.107279361064636      ,   72.721153117266809     
   655.90371413093351      ,  -71.154620025371187      ,  -25.568220121896541     
   1138.7863252409045      ,  -101.80985897302949      ,  -93.873132434975830     
   1051.7143534881836      ,   79.968825440845066      ,  -50.211370434303419     
   821.31753592355233      ,   170.39933525932173      ,   94.082980058268149     
   992.18071799940674      ,  -69.823718455129992      ,  -218.65781924152111     
   1024.3901482433996      ,  -13.174234390190980      ,   36.995953928879878     
   870.73942222823871      ,  -170.58999069137607      ,  -68.693760300942969     
   926.00766811781273      ,   322.15428387144192      ,   148.07505135586638     
   970.00408578746203      ,  -149.59677719350023      ,  -46.447046739433929     
   931.46164336778554      ,  -301.08515271793885      ,  -186.97471520603548     
   1042.0840549322013      ,   129.61427042405171      ,   233.29399518209183     
   910.45564307176164      ,  -39.803632362764127      ,   59.094817410380934     
   1112.7003853660945      ,  -210.49432051379242      ,  -69.849089010391694     
   1072.5041479446627      ,   20.809121594432348      ,   126.07652841158645     
   1153.0723289298032      ,   41.288120428236340      ,   146.09098084315619     
   961.32918979057774      ,   133.26871491603364      ,   292.39535963627407     
   1043.1607935038219      ,   168.00320742121076      ,   187.10683185285035     
   960.24004778000528      ,   46.264096062445056      ,   14.907826193097945     
   1128.9804298971394      ,   52.024572435316635      ,  -173.82455452689149     
   920.44135586063578      ,   24.809295095928075      ,  -125.85818614146213     
   1292.3762356761479      ,  -208.21763323447942      ,   303.72094607978909     
   1134.3455860354809      ,   350.31728085669442      ,  -81.096007544693663     
   1029.7213172641045      ,  -57.640146684171199      ,  -82.718386665335288     
   1031.4283669728791      ,   101.31307991410316      ,  -2.3893283657869260     
   886.43754332545336      ,  -35.983678271098341      ,   7.8290490697850359     
   1029.4598977024064      ,   166.67469563856486      ,  -32.148856500148767     
   1085.1407680848242      ,  -3.9591005502492429      ,   71.213110767941970     
   771.15361701849440      ,  -166.28283647535548      ,   278.58181379457278     
   811.18154134593908      ,  -48.629942057365277      ,  -87.936807797266795     
   1002.2573813638750      ,  -136.02117978806262      ,  -70.349134758494799     
   1016.1945499130783      ,   102.90237319979238      ,   103.97264234686645     
   1180.9551519297158      ,  -115.55573319407085      ,   134.82839355413265     
   902.76785874422978      ,   153.69061878721411      ,  -15.362942730135314     
   787.12658525188579      ,  -92.510798443684195      ,  -321.53712532488174     
   1153.1687613693143      ,  -242.97844659000845      ,   127.69557539026663     
   1112.9490927819197      ,  -253.57201928156431      ,  -205.29068803957517     
   1076.6654709218649      ,  -201.34334660817592      ,   140.83221709922060     
   865.91824858986308      ,   102.86628913089312      ,   8.8048434370580608     
   991.24303243045529      ,  -51.495208872440429      ,  -168.03383598634883     
   852.41064255684500      ,   83.374787950879181      ,   121.80510647829810     
   730.47284389711251      ,   67.434549120647134      ,   123.92936310339377     
   974.67947170034597      ,   5.3320189602206707      ,   144.04798009548003     
   866.92029599196167      ,   130.99278026851403      ,   161.11333308083695     
   859.55498329664965      ,  -297.87670602407263      ,   22.967182098735705     
   1001.6166082684116      ,  -16.557234198471207      ,   84.027249580314574     
   808.32569969902966      ,   162.72476592593867      ,  -90.235332251925982     
   832.77920001501491      ,  -129.28917329248384      ,   124.30074089179233     
   1169.1684975361950      ,  -125.57571971050058      ,   75.334750987921780     
   997.54623326630690      ,  -1.8097869509023068      ,  -186.52528514101803     
   987.38892140731627      ,  -1.1786165715879411      ,   16.356266948511749     
   1028.3314521423126      ,  -21.442267578650572      ,   29.935389576475529     
   1293.8410721621540      ,  -252.61193081320422      ,  -10.944536410031731     
   1078.5513850780594      ,  -46.744638109170879      ,  -1.8018205954198780     
   1067.4898952867716      ,   34.952476660828793      ,   36.253110781390923     
   1254.5481577586399      ,  -256.16106465575200      ,   63.216752281328844     
   949.22434422607614      ,  -54.402380681982976      ,   103.86277591626859     
   987.46224772828680      ,   39.653273801291860      ,   114.40198558863742     
   1072.0966166842638      ,   16.052246056891384      ,  -118.11974923817048     
   1175.3197188519848      ,   34.307968309739330      ,   74.578333869391798     
   883.27218976912616      ,  -41.607608818921236      ,   120.61061639145022     
   919.95869989823439      ,  -54.629046303617763      ,   57.200760323335011     
   1142.6418595978482      ,   157.06484192049609      ,  -190.83027736230829     
   1038.4928262789754      ,   106.86070452735248      ,   63.191802932420103     
   1104.2175821888782      ,   160.54640838582486      ,  -147.73686982370805     
   1082.6110097613096      ,  -115.32191708162873      ,   153.09444095267133     
   1037.0050979520370      ,   110.62500497027784      ,  -95.730068079463848     
   1340.5628633463307      ,   212.70606252355148      ,  -30.884569135570612     
   885.24065093521642      ,  -187.83969973062193      ,   72.817572536874550     
   998.08313779674586      ,  -157.50314117579757      ,   12.486716131635669     
   1348.6241988939373      ,  -215.58583149389656      ,  -191.15461023191534     
   955.12860509143763      ,   153.41307799947111      ,   45.928042478808493     
   1079.5438963438824      ,   252.08464033241830      ,  -130.63872441318668     
